"","class_ID","tcb_IQR","tcb_mean","tcb_median","tcb_Std.dev","tcb_max","tcb_min","tcg_IQR","tcg_mean","tcg_median","tcg_Std.dev","tcg_max","tcg_min","tcw_IQR","tcw_mean","tcw_median","tcw_Std.dev","tcw_max","tcw_min"
"1","2",315.741577148438,2135.73486328125,2043.21716308594,354.788787841797,3507.2939453125,1678.66870117188,244.357177734375,1809.837890625,1865.26440429688,170.791595458984,2048.85083007812,1366.43286132812,68.7121963500977,-183.269805908203,-182.82209777832,51.3278923034668,-69.6828994750977,-298.180389404297
"2","2",158.262329101562,2322.08544921875,2277.07006835938,363.026275634766,3873.52197265625,1936.21044921875,204.437744140625,1976.41479492188,1993.93090820312,206.045227050781,2301.18579101562,1321.6162109375,68.1741943359375,-264.005615234375,-267.966400146484,50.0763740539551,-159.859603881836,-376.343597412109
"3","4",351.549194335938,4017.07299804688,4075.015625,405.040588378906,4669.7666015625,3113.32177734375,603.457824707031,310.770233154297,93.7529449462891,446.800506591797,1260.95190429688,-57.4539985656738,635.072692871094,-2563.46948242188,-2681.39697265625,655.728149414062,-853.355102539062,-3310.38940429688
"4","2",519.445434570312,2414.01928710938,2465.54223632812,444.409027099609,3830.05419921875,1788.65258789062,623.158752441406,2073.7939453125,2174.77490234375,342.624847412109,2538.17114257812,1367.7724609375,170.101501464844,-292.544647216797,-312.053009033203,94.2023773193359,-168.875,-458.947204589844
"5","2",165.390991210938,2434.88037109375,2413.75170898438,322.647094726562,3776.13549804688,2070.49340820312,209.106872558594,2053.69409179688,2090.01708984375,207.629028320312,2295.67163085938,1325.95227050781,124.443305969238,-265.969451904297,-261.651397705078,72.4385375976562,-165.641296386719,-422.000213623047
"6","5",706.53076171875,4585.81298828125,4640.57763671875,550.494018554688,5605.23681640625,3559.56811523438,186.679443359375,1323.73120117188,1293.30627441406,145.149154663086,1544.47204589844,1036.71435546875,440.458740234375,-1882.07299804688,-1910.50354003906,432.193939208984,-598.543090820312,-2543.17016601562
"7","4",497.934631347656,3886.84912109375,3959.09399414062,386.466400146484,4329.02880859375,2881.19799804688,489.831481933594,964.138427734375,576.231567382812,790.284912109375,2910.10864257812,392.248107910156,1034.67932128906,-2326.31274414062,-2562.77001953125,705.679565429688,-1058.76745605469,-3092.46240234375
"8","5",491.55908203125,3467.86279296875,3711.841796875,625.988098144531,4149.1728515625,1754.40344238281,429.204254150391,670.091857910156,531.742980957031,327.891998291016,1430.62915039062,315.388397216797,667.982238769531,-1932.17102050781,-2136.2578125,452.747650146484,-858.488586425781,-2373.94140625
"9","3",461.769104003906,2417.2685546875,2434.29150390625,345.9990234375,3297.01245117188,1853.75476074219,269.842620849609,1069.03601074219,999.9921875,261.130310058594,1665.990234375,779.907897949219,265.923034667969,-1043.6787109375,-1050.28759765625,192.971237182617,-496.965606689453,-1318.06188964844
"10","2",459.648986816406,2226.287109375,2175.0693359375,394.872741699219,3470.248046875,1694.36389160156,447.687164306641,1996.34558105469,2011.93518066406,292.675628662109,2501.32080078125,1318.8046875,145.048141479492,-220.261672973633,-251.329742431641,97.6948471069336,-40.4403991699219,-384.608184814453
"11","4",359.199829101562,3724.27612304688,3734.94970703125,450.462982177734,4876.142578125,2696.83520507812,239.901245117188,288.354614257812,128.02619934082,367.16650390625,1113.3017578125,-75.0561981201172,620.24853515625,-2428.03466796875,-2613.68408203125,646.322448730469,-727.988220214844,-2994.5869140625
"12","3",759.405517578125,3273.74609375,3158.12231445312,471.201690673828,4015.23168945312,2533.30688476562,316.579467773438,1218.55090332031,1223.90454101562,396.878082275391,2616.39184570312,616.497375488281,368.3544921875,-1398.14929199219,-1348.49548339844,333.590667724609,-737.013488769531,-2126.60815429688
"13","3",695.2021484375,3219.89208984375,3228.79614257812,485.516143798828,4227.8671875,2005.53674316406,437.745269775391,1044.34973144531,1139.08251953125,310.497467041016,1437.95983886719,373.640106201172,609.922973632812,-1624.86889648438,-1639.03161621094,360.464660644531,-1026.6796875,-2238.84301757812
"14","5",2126.60717773438,5341.228515625,4941.3095703125,1557.12023925781,9842.3837890625,3543.80322265625,500.11572265625,414.563537597656,506.285705566406,358.494567871094,947.00390625,-543.777893066406,1243.19104003906,-2330.95434570312,-2013.27136230469,1268.98168945312,-693.510314941406,-6312.130859375
"15","5",713.569091796875,4212.91845703125,4182.45166015625,1229.73583984375,11686.005859375,2866.00341796875,174.230041503906,976.114318847656,1032.86352539062,292.873138427734,1389.26965332031,-516.189697265625,439.079559326172,-1003.15484619141,-1085.48754882812,306.123199462891,-55.6347007751465,-1838.70288085938
"16","5",2519.1162109375,2230.62841796875,1948.84326171875,1540.90698242188,7885.673828125,191.471206665039,525.115417480469,490.438995361328,532.160278320312,328.218139648438,1018.96899414062,-203.414703369141,465.052612304688,-459.375122070312,-483.189514160156,361.304077148438,128.641998291016,-1588.92602539062
"17","5",393.177490234375,3184.83178710938,2926.34741210938,1277.31811523438,11457.95703125,2566.12060546875,232.894317626953,-31.6045188903809,-76.306396484375,201.071105957031,631.367126464844,-547.188903808594,217.788269042969,-851.158874511719,-790.908325195312,201.036651611328,-231.510604858398,-1596.11120605469
"18","4",253.376342773438,3256.40625,3083.31225585938,1018.83422851562,9792.8935546875,2538.18041992188,324.448364257812,320.656951904297,155.074157714844,353.28857421875,1076.95727539062,-395.161712646484,660.767456054688,-2285.03198242188,-2434.8291015625,462.952758789062,-885.110595703125,-2831.24096679688
"19","4",1225.02954101562,5163.39501953125,5399.5732421875,1309.46752929688,9513.31640625,2556.88330078125,165.719390869141,253.369720458984,202.103393554688,219.024505615234,867.294921875,-231.01969909668,655.977294921875,-2726.39990234375,-2914.40112304688,573.430908203125,-913.656372070312,-3517.298828125
"20","5",145.395294189453,626.665466308594,196.861602783203,1382.77258300781,6647.86181640625,113.380599975586,71.7350006103516,-43.2441711425781,-31.5307006835938,47.7857322692871,20.194299697876,-157.599395751953,111.809295654297,-102.746055603027,-46.6184005737305,147.400207519531,58.062801361084,-562.364685058594
"21","3",765.067077636719,3504.07275390625,3353.21728515625,866.304565429688,8190.447265625,2212.49365234375,157.16227722168,883.6376953125,852.802978515625,210.278884887695,1292.59704589844,51.7780990600586,526.332885742188,-1683.09167480469,-1698.50317382812,324.781433105469,-825.989074707031,-2231.04565429688
"22","3",645.834228515625,3446.32763671875,3183.64233398438,1109.4130859375,9902.20703125,2202.2080078125,201.765991210938,852.409912109375,887.657775878906,308.497863769531,1573.0927734375,-180.057098388672,333.165771484375,-1649.5615234375,-1693.30871582031,292.633728027344,-619.594970703125,-2008.50573730469
"23","5",381.463195800781,1154.07458496094,916.603637695312,1315.50610351562,9228.21875,360.616607666016,134.881744384766,203.791656494141,206.791946411133,148.565444946289,541.909606933594,-232.435394287109,253.833129882812,-363.696716308594,-339.427062988281,201.657928466797,-92.5393981933594,-1008.44689941406
"24","5",234.511642456055,621.673645019531,392.411010742188,670.046875,2915.38452148438,142.729598999023,167.316802978516,-108.256034851074,-82.6128997802734,252.031768798828,155.877502441406,-1140.83312988281,77.6332550048828,22.4952278137207,6.81430006027222,196.625701904297,723.515075683594,-455.880615234375
"25","3",609.708557128906,2962.55224609375,2912.3291015625,502.300872802734,4496.83642578125,2073.34057617188,607.540771484375,1112.45959472656,1213.08715820312,370.605194091797,1659.35534667969,412.415313720703,710.438598632812,-1284.73059082031,-1321.64892578125,384.572235107422,-513.249816894531,-1808.0107421875
"26","3",443.161865234375,3015.74560546875,3035.49975585938,455.609985351562,4391.0673828125,2139.7080078125,493.476806640625,853.531921386719,934.86962890625,374.455627441406,2128.35595703125,275.451599121094,637.383422851562,-1694.27954101562,-1757.31396484375,445.004211425781,-636.47119140625,-2359.07641601562
"27","5",341.227294921875,2968.59008789062,2932.23095703125,427.864868164062,5100.548828125,2310.10498046875,251.150451660156,723.969665527344,764.819396972656,200.748886108398,1143.58752441406,217.501098632812,181.533081054688,-1093.9873046875,-1097.45324707031,167.248687744141,-457.277313232422,-1340.78015136719
"28","3",416.92529296875,3143.89868164062,3110.85888671875,544.981018066406,5335.9970703125,2137.58813476562,235.112731933594,446.364532470703,386.0791015625,160.48908996582,789.912292480469,245.548904418945,422.939270019531,-1786.74694824219,-1838.20056152344,336.622467041016,-681.744201660156,-2279.62646484375
"29","5",469.104797363281,635.603088378906,315.104736328125,844.554809570312,3766.19067382812,109.285400390625,78.1952514648438,-109.601860046387,-102.05094909668,105.873641967773,161.225402832031,-413.096008300781,127.609497070312,-23.1548118591309,33.1152000427246,108.957412719727,92.2435989379883,-308.210510253906
"30","3",291.062377929688,3603.6357421875,3548.2822265625,344.121459960938,5127.86474609375,2844.01611328125,171.528350830078,764.309448242188,720.347412109375,173.827743530273,1229.31689453125,418.958709716797,208.672973632812,-1878.25280761719,-1957.42309570312,253.28547668457,-768.990600585938,-2228.66186523438
"31","2",196.694885253906,1960.42700195312,1877.11059570312,359.161193847656,3904.89868164062,1516.34704589844,186.957946777344,1690.03894042969,1707.83032226562,184.081893920898,1943.42041015625,819.927490234375,96.2196502685547,-186.963088989258,-189.512100219727,77.2693252563477,-27.1306991577148,-364.834411621094
"32","1",290.966796875,2286.40112304688,2287.27001953125,310.945281982422,3653.83374023438,1815.82275390625,403.099304199219,1742.36828613281,1762.88195800781,271.466613769531,2167.8291015625,1078.33471679688,95.7136077880859,-385.629791259766,-388.626892089844,65.2539138793945,-254.261306762695,-506.580200195312
"33","1",268.401062011719,2358.91967773438,2261.169921875,675.606323242188,6369.6318359375,1712.73352050781,331.331024169922,1810.78540039062,1882.68811035156,336.382598876953,2319.44091796875,493.516296386719,86.9297256469727,-352.825103759766,-330.516235351562,238.794372558594,-117.353500366211,-1866.3837890625
"34","1",196.512023925781,2052.66162109375,1974.755859375,338.3466796875,3534.29345703125,1455.41931152344,163.918762207031,1587.14794921875,1617.29992675781,174.413925170898,1917.994140625,1038.54614257812,144.819946289062,-338.498352050781,-357.556701660156,101.95157623291,-155.763305664062,-718.536071777344
"35","1",296.90966796875,1630.36401367188,1576.44775390625,327.536102294922,3357.08129882812,1252.55480957031,188.363403320312,1222.57763671875,1202.74365234375,143.050491333008,1528.03088378906,909.333984375,155.092895507812,-291.575469970703,-297.784393310547,91.2144622802734,-120.173698425293,-427.017791748047
"36","1",229.026916503906,2098.60913085938,2078.06420898438,315.260131835938,3508.60815429688,1471.54504394531,152.687133789062,1627.56762695312,1659.06726074219,197.067733764648,1961.24694824219,1184.21325683594,93.9794616699219,-350.67578125,-359.504699707031,58.4656600952148,-240.695495605469,-465.982299804688
"37","1",225.042114257812,1999.51123046875,1934.53515625,344.176879882812,3910.55078125,1656.64904785156,207.47216796875,1687.27429199219,1709.39794921875,175.148208618164,1912.08813476562,924.380676269531,80.8936004638672,-213.630752563477,-211.550994873047,66.3500366210938,-62.0999984741211,-355.624298095703
"38","3",153.448486328125,2061.79028320312,1981.09533691406,342.922485351562,3491.72680664062,1758.6357421875,88.8689880371094,774.154968261719,785.020874023438,101.264785766602,930.370422363281,301.163208007812,225.533966064453,-816.280883789062,-830.469177246094,150.614318847656,-489.815490722656,-1056.45617675781
"39","3",524.789855957031,3461.05639648438,3447.95703125,464.601959228516,4920.28564453125,2264.9755859375,413.576568603516,1005.69848632812,1003.09802246094,474.553253173828,3410.23950195312,373.114288330078,313.85107421875,-1791.52856445312,-1775.88720703125,503.356811523438,-509.790191650391,-2594.41821289062
"40","4",589.061767578125,3606.4287109375,3506.21020507812,587.221496582031,5128.72119140625,2526.02001953125,435.265258789062,514.566650390625,316.546813964844,505.737884521484,1922.04895019531,0.856000006198883,698.861083984375,-2292.51635742188,-2485.166015625,700.378479003906,-726.863098144531,-3419.23120117188
"41","4",367.372314453125,3301.11767578125,3333.26025390625,322.907104492188,4122.68017578125,2720.39208984375,356.212005615234,415.04248046875,225.265289306641,412.608123779297,1603.123046875,41.0806007385254,599.840759277344,-2333.25244140625,-2429.06567382812,474.377807617188,-1114.98022460938,-2886.86279296875
"42","4",1121.18530273438,3299.1552734375,3065.8212890625,566.519653320312,4283.35498046875,2525.28100585938,1328.83837890625,1211.06018066406,496.884094238281,1269.50793457031,3958.0888671875,113.209098815918,1225.79858398438,-1928.56799316406,-2397.77319335938,825.232849121094,-395.966094970703,-2785.07739257812
"43","3",351.784423828125,2283.22485351562,2128.6318359375,1074.4287109375,8305.224609375,1237.79150390625,111.623107910156,790.921997070312,831.802429199219,201.328338623047,946.59521484375,-315.552490234375,301.943664550781,-967.705200195312,-989.658874511719,262.418579101562,-334.298706054688,-1948.49731445312
"44","4",1009.41186523438,5037.06787109375,5136.0234375,747.639038085938,6249.78662109375,3349.13525390625,156.224273681641,501.070556640625,402.702026367188,257.949768066406,1210.52111816406,80.6670989990234,414.776916503906,-2662.36962890625,-2741.46484375,457.779022216797,-811.076171875,-3488.97705078125
"45","3",233.849487304688,2689.47192382812,2468.95776367188,1020.75231933594,8633.94140625,2146.8115234375,75.0490112304688,712.08251953125,723.916320800781,114.324111938477,909.97509765625,83.8190002441406,156.550903320312,-1142.58801269531,-1124.13635253906,214.187789916992,-722.119384765625,-1995.05603027344
"46","3",289.859802246094,2318.80859375,2257.931640625,593.595886230469,5279.73681640625,1739.17028808594,65.9186096191406,567.394165039062,556.94580078125,63.4901924133301,681.618286132812,363.847412109375,282.0458984375,-1224.0009765625,-1266.478515625,191.588226318359,-806.127990722656,-1472.35864257812
"47","1",879.175048828125,2179.42211914062,2226.81860351562,586.133117675781,3359.63818359375,952.387329101562,556.028564453125,1793.79418945312,1882.99145507812,388.121368408203,2388.01123046875,966.22119140625,123.077186584473,-239.536041259766,-258.188385009766,102.4580078125,63.1618995666504,-404.054412841797
"48","1",237.442199707031,2501.3349609375,2481.09912109375,267.626525878906,3394.76489257812,2043.94665527344,269.010986328125,2085.69799804688,2102.44921875,191.149627685547,2422.20922851562,1669.89025878906,98.8085327148438,-247.437942504883,-239.738555908203,92.488151550293,-98.8554000854492,-417.339385986328
"49","1",332.647521972656,2398.26440429688,2381.94848632812,394.208679199219,3460.45825195312,1293.86499023438,203.210601806641,1963.60949707031,2035.70654296875,247.313522338867,2267.9091796875,1189.00170898438,147.764007568359,-220.798934936523,-259.502136230469,132.685928344727,49.9772987365723,-446.944793701172
"50","1",534.4189453125,2279.63403320312,2232.20678710938,408.035766601562,3405.3916015625,1607.58715820312,333.516693115234,1837.8671875,1854.1357421875,223.347152709961,2237.34301757812,1486.47265625,178.021789550781,-262.458190917969,-312.960083007812,126.213455200195,-23.1124000549316,-481.261108398438
"51","1",365.246978759766,1749.48486328125,1726.42431640625,232.495483398438,2129.19897460938,1310.787109375,285.969085693359,1526.70776367188,1510.52368164062,204.210159301758,1841.7685546875,1195.98828125,87.0637512207031,-218.743850708008,-229.055694580078,70.4595718383789,-54.9646987915039,-350.128112792969
"52","1",239.283569335938,2204.16748046875,2164.82348632812,236.252258300781,3139.90502929688,1938.35229492188,137.231597900391,1772.75231933594,1777.72729492188,147.197448730469,2033.46948242188,1266.34240722656,146.583190917969,-296.029113769531,-295.366943359375,91.8756408691406,-69.8883972167969,-445.667297363281
"53","3",282.555480957031,3122.013671875,3032.712890625,304.232727050781,3933.1044921875,2675.0185546875,615.264831542969,1140.10314941406,1240.244140625,368.503967285156,1556.63854980469,321.942810058594,558.554748535156,-1530.23596191406,-1446.7470703125,363.418212890625,-1119.30334472656,-2316.81274414062
"54","5",1099.232421875,5333.1748046875,5058.177734375,881.165771484375,7239.02734375,3696.28930664062,203.302307128906,-70.2732849121094,-89.1031036376953,188.817260742188,472.010101318359,-437.433288574219,439.485260009766,-885.499755859375,-872.084899902344,273.506378173828,-451.045501708984,-1308.11584472656
"55","4",468.893188476562,3860.56811523438,3762.05810546875,525.362182617188,5311.0283203125,2960.29516601562,800.3291015625,453.854949951172,152.529602050781,511.712005615234,1444.61865234375,21.8773994445801,777.624328613281,-2381.568359375,-2576.15625,638.842407226562,-795.774780273438,-3336.9970703125
"56","1",346.07568359375,2338.39965820312,2294.16455078125,364.528533935547,3681.21923828125,1878.75134277344,345.33251953125,2115.04150390625,2166.00610351562,247.947143554688,2551.66552734375,1399.99987792969,126.900802612305,-212.460678100586,-235.232604980469,94.7679214477539,-0.135399997234344,-372.505187988281
"57","1",517.242797851562,1909.58984375,1928.39916992188,326.230834960938,2397.82568359375,1312.39221191406,535.038940429688,1761.09375,1777.09838867188,307.306732177734,2252.876953125,1299.49584960938,102.645347595215,-214.032241821289,-217.264999389648,77.7250061035156,-56.9254989624023,-336.403198242188
"58","1",483.624938964844,2301.94970703125,2280.62255859375,293.780395507812,2707.15966796875,1769.2646484375,379.498168945312,2139.47094726562,2121.86352539062,239.348876953125,2560.94775390625,1772.36267089844,115.01700592041,-223.369033813477,-243.038299560547,87.4309158325195,-45.4309005737305,-370.216491699219
"59","1",487.803649902344,2194.36303710938,2208.68408203125,475.968048095703,3559.72778320312,1591.10681152344,372.449340820312,1900.5087890625,1954.74768066406,276.345275878906,2409.61694335938,1368.31262207031,214.320190429688,-197.749664306641,-191.932907104492,164.708511352539,13.7016000747681,-693.702819824219
"60","1",762.94775390625,2261.39965820312,2104.14038085938,634.963256835938,4299.97705078125,1626.88049316406,480.572998046875,1718.84777832031,1671.5263671875,346.529052734375,2534.0712890625,914.841003417969,152.851699829102,-271.669647216797,-271.345001220703,133.320877075195,-96.019401550293,-711.021728515625
"61","1",319.255615234375,2276.9599609375,2220.69775390625,364.660003662109,3277.3935546875,1706.94958496094,261.592956542969,2034.75610351562,2046.6865234375,287.958984375,2555.23901367188,1115.6142578125,96.5626831054688,-97.1615371704102,-90.1054992675781,90.5319290161133,44.5071983337402,-368.596588134766
"62","1",700.03564453125,2442.28076171875,2314.1728515625,466.109344482422,3688.80126953125,1744.5986328125,604.29638671875,1994.36413574219,1902.57141113281,436.397308349609,2735.88891601562,895.667602539062,147.877304077148,-414.392059326172,-428.694793701172,102.126304626465,-159.591003417969,-660.284912109375
"63","4",1343.06591796875,4126.4921875,4024.43798828125,795.767456054688,5740.85400390625,3017.00756835938,1273.05310058594,999.820068359375,594.380310058594,775.689514160156,2713.19604492188,192.529602050781,1382.15649414062,-2164.29858398438,-2587.4248046875,849.064758300781,-521.485107421875,-3154.28637695312
"64","3",433.116760253906,3752.69921875,3875.29833984375,519.920593261719,4722.2451171875,2479.603515625,396.897033691406,859.147583007812,919.445922851562,311.684295654297,1306.02917480469,264.407592773438,282.196685791016,-1956.35632324219,-1931.45190429688,278.571441650391,-1267.40844726562,-2471.47338867188
"65","5",243.128295898438,3226.27368164062,3271.6923828125,259.18359375,4294.193359375,2728.845703125,191.281631469727,164.802764892578,146.322799682617,146.981628417969,494.951385498047,-31.540599822998,159.755859375,-1319.45874023438,-1366.02160644531,144.407730102539,-844.529479980469,-1562.6953125
"66","4",401.137084960938,4539.32763671875,4389.154296875,1080.00622558594,10931.0458984375,2782.02197265625,356.574279785156,3290.66137695312,3367.4189453125,698.957092285156,4142.228515625,-591.621215820312,151.079986572266,-1035.56506347656,-1020.68591308594,196.888000488281,-631.457397460938,-2019.62133789062
"67","4",364.67724609375,4655.78076171875,4610.29443359375,963.860961914062,9999.142578125,1998.11218261719,383.1298828125,3243.36181640625,3443.69409179688,717.125671386719,3794.12109375,-368.257385253906,163.019897460938,-1142.15734863281,-1130.33374023438,252.757858276367,-54.7714996337891,-2035.90148925781
"68","5",425.436706542969,2842.97412109375,2742.8125,922.796813964844,8398.2783203125,1843.02099609375,150.220733642578,526.301452636719,564.978759765625,195.694931030273,829.227478027344,-441.384399414062,151.171936035156,-826.771301269531,-827.305847167969,226.120620727539,-518.489807128906,-2051.63598632812
"69","3",475.423217773438,3953.00659179688,3961.58203125,411.695617675781,4793.09765625,3000.53881835938,318.691955566406,1037.77478027344,1067.13061523438,301.943267822266,1856.34057617188,439.679901123047,428.570617675781,-2003.9111328125,-2012.46337890625,339.074432373047,-1092.53735351562,-2612.9072265625
"70","1",223.7216796875,2343.34741210938,2323.681640625,303.981750488281,3462.3115234375,1789.88549804688,202.15771484375,2123.0087890625,2141.7109375,219.838043212891,2535.52954101562,1530.22021484375,87.6319732666016,-165.123229980469,-160.347106933594,74.9972686767578,-42.7366981506348,-368.709808349609
"71","2",534.919677734375,2180.732421875,2167.37744140625,423.07421875,2921.09130859375,997.254821777344,675.859375,1637.05151367188,1656.29577636719,396.763397216797,2207.46459960938,478.542510986328,123.124038696289,-535.754638671875,-545.369323730469,107.057518005371,-164.388305664062,-722.353393554688
"72","2",389.586975097656,2897.33935546875,2749.2724609375,1174.92504882812,9836.1025390625,1513.16088867188,402.980529785156,2064.96752929688,2185.88940429688,457.559844970703,2617.703125,118.868598937988,108.818481445312,-632.729614257812,-628.182739257812,198.189788818359,-341.676513671875,-1751.6376953125
"73","5",888.428833007812,3904.7353515625,3942.23608398438,598.95361328125,4899.25,2711.751953125,201.112747192383,-134.083694458008,-159.087005615234,142.542083740234,153.44140625,-356.968292236328,547.942626953125,-2011.85070800781,-2034.296875,428.008697509766,-813.920715332031,-2726.88940429688
"74","4",535.21875,3431.22216796875,3441.8212890625,410.83837890625,4173.185546875,2231.89575195312,230.271362304688,756.79248046875,731.702697753906,221.201202392578,1446.73474121094,351.167205810547,351.551879882812,-2034.88403320312,-2090.70678710938,345.705047607422,-603.17529296875,-2522.89501953125
"75","4",336.406860351562,3241.10009765625,3157.38720703125,332.818786621094,4277.25244140625,2661.78295898438,905.924255371094,570.911804199219,260.909484863281,558.008544921875,1641.96447753906,75.3115005493164,723.871948242188,-2118.11474609375,-2326.74682617188,460.754119873047,-1133.84069824219,-2607.30639648438
"76","3",910.238952636719,3923.48217773438,4017.56591796875,660.733032226562,5403.5556640625,2214.06518554688,294.049865722656,988.102722167969,1071.05834960938,257.670959472656,1328.19226074219,358.185699462891,597.626098632812,-1825.02001953125,-1968.13354492188,393.522827148438,-588.005981445312,-2369.82495117188
"77","4",425.085571289062,3453.66137695312,3329.53198242188,479.383453369141,5781.666015625,2818.15551757812,552.669921875,500.953033447266,328.95458984375,346.924743652344,1286.85876464844,127.778900146484,579.960205078125,-2128.0048828125,-2249.09643554688,438.443359375,-986.285827636719,-2825.01147460938
"78","2",410.018341064453,1845.02893066406,1740.24682617188,543.377197265625,4108.34130859375,1156.68444824219,242.276123046875,1367.5341796875,1387.67797851562,204.198806762695,1747.67224121094,825.481628417969,127.396102905273,-320.97705078125,-322.065490722656,89.5065078735352,-133.54670715332,-512.020324707031
"79","2",294.792602539062,2051.39428710938,2052.3974609375,371.351440429688,3212.33349609375,1387.11169433594,258.120239257812,1633.21252441406,1663.39050292969,218.346649169922,1984.68334960938,830.845886230469,165.208709716797,-346.118103027344,-355.673095703125,132.163589477539,-116.326599121094,-891.4541015625
"80","2",259.908447265625,2505.4072265625,2352.29077148438,655.1943359375,6006.69677734375,2074.03491210938,137.75146484375,1604.88854980469,1624.00402832031,161.733993530273,1898.0126953125,880.50732421875,154.026397705078,-586.503295898438,-569.642028808594,165.799377441406,-410.094207763672,-1545.17297363281
"81","4",511.591552734375,3696.22778320312,3685.38842773438,529.570007324219,5582.56884765625,2812.42529296875,289.04638671875,244.067993164062,156.843856811523,222.976409912109,820.043395996094,3.85820007324219,356.637054443359,-1892.14990234375,-1922.88208007812,281.716125488281,-788.525207519531,-2319.4130859375
"82","2",724.257202148438,2094.96850585938,1856.361328125,1956.53515625,14278.89453125,472.521392822266,603.03076171875,1457.33728027344,1500.90747070312,437.538818359375,2166.1201171875,389.575500488281,153.681594848633,-336.904907226562,-277.165405273438,457.767211914062,5.40199995040894,-3211.9716796875
"83","2",682.501281738281,2422.13037109375,2360.55346679688,1505.76403808594,11743.92578125,840.820922851562,833.420532226562,1618.27685546875,1736.734375,596.584350585938,2405.32397460938,-395.853912353516,137.432235717773,-554.069702148438,-520.702270507812,218.765090942383,-246.090698242188,-1763.04638671875
"84","5",588.203186035156,700.422790527344,381.646606445312,765.674865722656,3379.2958984375,87.1840972900391,71.9834442138672,-128.102645874023,-142.889297485352,66.7767105102539,-1.2335000038147,-238.807006835938,127.90650177002,-10.6886320114136,3.80649995803833,92.0619277954102,125.770401000977,-191.892593383789
"85","5",396.3525390625,1098.93872070312,387.050170898438,2802.80981445312,13441.78515625,108.209800720215,81.0292739868164,-37.5197944641113,-127.446350097656,391.762634277344,1681.09533691406,-362.9375,77.3427276611328,-85.4973449707031,3.31005001068115,419.925628662109,237.874404907227,-1925.51184082031
"86","3",180.507690429688,2516.00903320312,2455.81811523438,366.719879150391,4299.8466796875,2166.8671875,148.92106628418,683.541625976562,650.125915527344,113.345275878906,903.183410644531,431.582305908203,207.578491210938,-1240.62939453125,-1273.08679199219,170.791793823242,-666.851013183594,-1650.82641601562
"87","3",434.511291503906,3589.61572265625,3603.76171875,395.881958007812,4466.73876953125,2584.33569335938,584.149353027344,1282.42138671875,1317.50903320312,371.001831054688,1767.15454101562,586.97900390625,517.090209960938,-1761.30407714844,-1758.19555664062,384.738189697266,-560.269104003906,-2497.11596679688
"88","4",354.268798828125,4172.28564453125,4122.41357421875,262.230407714844,4808.212890625,3549.88696289062,523.5185546875,3142.40502929688,3228.82495117188,466.756652832031,3888.56127929688,1730.21704101562,203.911560058594,-1058.21984863281,-1046.09790039062,196.381301879883,-641.564514160156,-1557.7841796875
"89","5",89.31884765625,2807.68310546875,2682.79931640625,865.434448242188,8399.802734375,2150.87133789062,89.3660507202148,-71.9391403198242,-68.7227478027344,109.658172607422,317.993896484375,-450.8828125,76.4315032958984,-889.025573730469,-862.929077148438,170.25715637207,-655.519409179688,-1868.74206542969
"90","5",281.401489257812,3469.17700195312,3406.60693359375,549.8212890625,6496.34228515625,2495.2861328125,159.210601806641,463.113403320312,485.334197998047,136.2626953125,724.224304199219,-42.9589996337891,163.382507324219,-1199.51904296875,-1210.82104492188,147.620529174805,-674.992797851562,-1546.56005859375
"91","5",166.922180175781,3171.31713867188,3137.78247070312,511.460205078125,5846.556640625,1545.22534179688,234.672058105469,363.010223388672,400.359558105469,148.952011108398,576.44189453125,-17.3799991607666,117.839904785156,-1096.82666015625,-1123.31921386719,175.908081054688,-203.904907226562,-1540.33654785156
"92","2",577.687683105469,2999.59814453125,2624.75537109375,1429.73474121094,10599.0185546875,2114.10815429688,614.964721679688,2204.71435546875,2231.08813476562,479.965789794922,3135.44384765625,701.68701171875,86.693000793457,-508.032836914062,-465.623718261719,288.490417480469,-273.611785888672,-2071.9873046875
"93","2",402.5595703125,2809.73266601562,2739.1064453125,371.728393554688,3961.31640625,2028.38134765625,343.816772460938,2303.53125,2272.57568359375,324.952850341797,2971.80834960938,1512.15014648438,152.274291992188,-496.263275146484,-504.189086914062,103.798500061035,-315.939392089844,-676.080200195312
"94","4",587.425537109375,4409.07958984375,4490.572265625,566.922790527344,5570.51123046875,3050.18481445312,499.472961425781,542.539306640625,331.755493164062,510.430236816406,2038.88049316406,109.405403137207,631.902709960938,-2542.49536132812,-2739.24951171875,572.329406738281,-1001.17388916016,-3226.05346679688
"95","4",977.47314453125,4497.248046875,4778.654296875,892.203063964844,5883.86328125,2322.21044921875,732.965637207031,610.983642578125,322.897705078125,587.064880371094,2102.67407226562,73.72509765625,1129.26916503906,-2451.13232421875,-2891.80493164062,859.9912109375,-371.661895751953,-3243.6015625
"96","2",379.965454101562,2528.05102539062,2479.59765625,502.834594726562,4429.388671875,1603.99377441406,843.125915527344,1278.04333496094,1537.96484375,505.070068359375,1931.14245605469,242.371597290039,151.383850097656,-903.739929199219,-905.625122070312,159.911590576172,-636.833129882812,-1660.54052734375
"97","2",695.756958007812,2537.8388671875,2661.58666992188,610.498413085938,4211.0419921875,1262.08044433594,1008.76306152344,1377.33935546875,1649.05712890625,665.94677734375,2323.37939453125,218.300796508789,200.631988525391,-934.475769042969,-908.142028808594,243.468200683594,-535.571228027344,-2159.06909179688
"98","2",181.011779785156,2289.75048828125,2312.65771484375,219.54753112793,2941.14672851562,1603.35241699219,211.330718994141,1642.58081054688,1719.86206054688,247.008285522461,1999.75305175781,924.492370605469,128.687210083008,-593.295227050781,-586.4736328125,92.5615005493164,-368.670501708984,-815.884826660156
"99","2",347.3857421875,2380.44360351562,2316.40991210938,570.592834472656,5472.52490234375,592.004821777344,384.419555664062,1225.65185546875,1237.26025390625,296.112823486328,1796.15576171875,335.12060546875,229.758483886719,-883.037963867188,-917.703308105469,200.301345825195,-60.1036987304688,-1277.36730957031
"100","2",266.288757324219,2996.34521484375,2654.06298828125,2134.07690429688,16182.189453125,1852.00537109375,372.643524169922,1411.6796875,1514.31396484375,567.100952148438,2038.43664550781,-1596.37768554688,161.675704956055,-877.958618164062,-810.481079101562,441.376770019531,-525.656372070312,-3479.82055664062
